150,7,0.5,50,True|0.0
150,7,0.5,50,False|0.846068796069
150,7,0.5,100,True|0.0
150,7,0.5,100,False|0.840786240786
150,7,0.5,150,True|0.0
150,7,0.5,150,False|0.847542997543
150,7,0.75,50,True|0.682371007371
150,7,0.75,50,False|0.846498771499
150,7,0.75,100,True|0.76812039312
150,7,0.75,100,False|0.84828009828
150,7,0.75,150,True|0.799877149877
150,7,0.75,150,False|0.841031941032
150,7,1,50,True|0.831203931204
150,7,1,50,False|0.846683046683
150,7,1,100,True|0.837407862408
150,7,1,100,False|0.846253071253
150,7,1,150,True|0.829484029484
150,7,1,150,False|0.84613022113
150,8,0.5,50,True|0.0
150,8,0.5,50,False|0.848341523342
150,8,0.5,100,True|0.0
150,8,0.5,100,False|0.847665847666
150,8,0.5,150,True|0.0
150,8,0.5,150,False|0.844717444717
150,8,0.75,50,True|0.6457002457
150,8,0.75,50,False|0.847788697789
150,8,0.75,100,True|0.792567567568
150,8,0.75,100,False|0.849815724816
150,8,0.75,150,True|0.709336609337
150,8,0.75,150,False|0.844963144963
150,8,1,50,True|0.827886977887
150,8,1,50,False|0.848832923833
150,8,1,100,True|0.835565110565
150,8,1,100,False|0.847788697789
150,8,1,150,True|0.836363636364
150,8,1,150,False|0.84785012285
150,9,0.5,50,True|0.0
150,9,0.5,50,False|0.846928746929
150,9,0.5,100,True|0.0
150,9,0.5,100,False|0.848095823096
150,9,0.5,150,True|0.0
150,9,0.5,150,False|0.84742014742
150,9,0.75,50,True|0.720331695332
150,9,0.75,50,False|0.847174447174
150,9,0.75,100,True|0.757432432432
150,9,0.75,100,False|0.845331695332
150,9,0.75,150,True|0.678685503686
150,9,0.75,150,False|0.84742014742
150,9,1,50,True|0.829176904177
150,9,1,50,False|0.847788697789
150,9,1,100,True|0.831818181818
150,9,1,100,False|0.84742014742
150,9,1,150,True|0.826351351351
150,9,1,150,False|0.842567567568
150,10,0.5,50,True|0.0
150,10,0.5,50,False|0.845823095823
150,10,0.5,100,True|0.0
150,10,0.5,100,False|0.845577395577
150,10,0.5,150,True|0.0
150,10,0.5,150,False|0.845577395577
150,10,0.75,50,True|0.798832923833
150,10,0.75,50,False|0.846068796069
150,10,0.75,100,True|0.620208845209
150,10,0.75,100,False|0.84742014742
150,10,0.75,150,True|0.60816953317
150,10,0.75,150,False|0.845454545455
150,10,1,50,True|0.825368550369
150,10,1,50,False|0.843427518428
150,10,1,100,True|0.828194103194
150,10,1,100,False|0.847665847666
150,10,1,150,True|0.826904176904
150,10,1,150,False|0.846314496314
175,7,0.5,50,True|0.0
175,7,0.5,50,False|0.851167076167
175,7,0.5,100,True|0.0
175,7,0.5,100,False|0.845024570025
175,7,0.5,150,True|0.0
175,7,0.5,150,False|0.846437346437
175,7,0.75,50,True|0.729361179361
175,7,0.75,50,False|0.845638820639
175,7,0.75,100,True|0.457248157248
175,7,0.75,100,False|0.846314496314
175,7,0.75,150,True|0.726904176904
175,7,0.75,150,False|0.851105651106
175,7,1,50,True|0.832371007371
175,7,1,50,False|0.84269041769
175,7,1,100,True|0.835626535627
175,7,1,100,False|0.845024570025
175,7,1,150,True|0.83230958231
175,7,1,150,False|0.85
175,8,0.5,50,True|0.0
175,8,0.5,50,False|0.845761670762
175,8,0.5,100,True|0.0
175,8,0.5,100,False|0.847665847666
175,8,0.5,150,True|0.0
175,8,0.5,150,False|0.848525798526
175,8,0.75,50,True|0.561732186732
175,8,0.75,50,False|0.85
175,8,0.75,100,True|0.799938574939
175,8,0.75,100,False|0.846805896806
175,8,0.75,150,True|0.805773955774
175,8,0.75,150,False|0.847542997543
175,8,1,50,True|0.831633906634
175,8,1,50,False|0.848771498771
175,8,1,100,True|0.838267813268
175,8,1,100,False|0.848587223587
175,8,1,150,True|0.835503685504
175,8,1,150,False|0.850061425061
175,9,0.5,50,True|0.0
175,9,0.5,50,False|0.849508599509
175,9,0.5,100,True|0.0
175,9,0.5,100,False|0.848095823096
175,9,0.5,150,True|0.0
175,9,0.5,150,False|0.845454545455
175,9,0.75,50,True|0.586117936118
175,9,0.75,50,False|0.847174447174
175,9,0.75,100,True|0.49828009828
175,9,0.75,100,False|0.847235872236
175,9,0.75,150,True|0.80816953317
175,9,0.75,150,False|0.846805896806
175,9,1,50,True|0.829545454545
175,9,1,50,False|0.848218673219
175,9,1,100,True|0.832248157248
175,9,1,100,False|0.845884520885
175,9,1,150,True|0.829852579853
175,9,1,150,False|0.847235872236
175,10,0.5,50,True|0.0
175,10,0.5,50,False|0.846744471744
175,10,0.5,100,True|0.0
175,10,0.5,100,False|0.845393120393
175,10,0.5,150,True|0.0
175,10,0.5,150,False|0.844533169533
175,10,0.75,50,True|0.496928746929
175,10,0.75,50,False|0.847297297297
175,10,0.75,100,True|0.645454545455
