100,7,0.625,150,True|0.0
100,7,1,75,True|0.834889434889
100,10,0.75,75,True|0.567567567568
125,7,0.5,150,True|0.0
125,7,1,100,True|0.837162162162
125,10,0.75,50,True|0.654238329238
150,7,1,50,True|0.835933660934
150,7,1,75,True|0.829545454545
200,7,0.5,75,True|0.0
200,7,0.625,50,True|0.0
100,7,0.625,150,False|0.849877149877
100,7,1,75,False|0.839803439803
100,10,0.75,75,False|0.844963144963
125,7,0.5,150,False|0.845024570025
125,7,1,100,False|0.846867321867
125,10,0.75,50,False|0.844656019656
150,7,1,50,False|0.844656019656
150,7,1,75,False|0.84269041769
200,7,0.5,75,False|0.844226044226
200,7,0.625,50,False|0.846068796069
