133,7,0.666,117,False|0.84613022113
158,10,0.639,77,True|0.620454545455
183,7,0.936,60,False|0.844594594595
164,10,0.539,140,True|0.0
114,10,0.519,128,True|0.0
151,7,0.808,139,True|0.794348894349
140,9,0.706,125,False|0.845147420147
104,7,0.985,54,False|0.846068796069
100,10,0.62,139,False|0.846437346437
162,10,0.788,88,True|0.714987714988
141,7,0.613,149,True|0.0
158,7,0.864,98,True|0.795208845209
200,7,0.561,142,False|0.846621621622
136,8,0.924,144,False|0.849017199017
190,7,0.502,62,True|0.0
